channel_output = [-15
-15
-15
-15
-15
15
-15
-15
15
-15
-15
-15
-15
-15
-15
15
15
15
15
-15
-15
15
15
-15
15
-15
15
-15
15
-15
15
15
15
-15
15
-15
-15
-15
-15
15
-15
-15
-15
-15
15
15
15
-15
-15
-15
-15
-15
15
15
-15
-15
15
15
-15
-15
-15
-15
15
-15
-15
15
-15
15
-15
15
15
15
15
15
-15
-15
15
-15
-15
15
-15
15
-15
-15
-15
15
15
-15
15
15
15
15
15
-15
15
-15
15
15
-15
15
15
15
15
-15
-15
15
15
-15
15
-15
-15
15
-15
15
15
-15
15
-15
-15
-15
15
-15
15
-15
-15
15
15
15
15
-15
-15
15
15
-15
15
-15
15
15
15
15
15
-15
15
-15
-15
-15
-15
15
-15
15
-15
-15
15
-15
-15
-15
-15
15
15
-15
-15
15
-15
15
-15
15
-15
-15
-15
-15
-15
15
-15
-15
15
15
-15
-15
15
15
15
15
15
15
15
-15
15
-15
-15
-15
-15
-15
-15
-15
-15
15
15
15
-15
-15
-15
-15
-15
-15
];
