tx1 = [98
122
-102
-102
97
80
-83
-63
57
54
-29
-60
-1
78
22
-107
-34
140
27
-175
-7
199
-27
-211
65
202
-105
-177
131
136
-142
-93
133
50
-106
-19
65
6
-19
-13
-26
35
53
-80
-72
121
60
-166
-37
192
-7
-209
51
196
-100
-172
132
125
-153
-77
150
22
-133
20
95
-54
-53
66
2
-68
43
50
-84
-23
110
-16
-127
52
125
-93
-117
124
94
-153
-65
168
30
-177
7
171
-46
-158
79
133
-109
-102
131
61
-144
-19
143
-25
-134
65
113
-101
-85
127
50
-146
-13
151
-24
-149
56
135
-85
-117
103
93
-114
-70
114
47
-108
-30
94
17
-75
-14
54
19
-33
-34
17
57
-8
-87
8
118
-23
-149
48
173
-86
-189
129
188
-178
-173
223
141
-264
-95
288
38
-298
24
288
-85
-261
137
216
-178
-161
201
97
-209
-34
197
-26
-172
75
131
-113
-84
135
30
-145
23
138
-75
-117
116
82
-149
-39
165
-12
-166
63
148
-111
-115
145
65
-165
-9
165
-52
-143
104
102
-145
-47
164
-15
-162
74
138
-123
-98
152
49
-161
-2
148
-34
-121
51
86
-50
-56
29
39
2
-42
-37
65
64
-107
-71
158
53
-208
-11
240
-51
-249
122
227
-187
-176
237
102
-257
-17
242
-65
-195
130
121
-166
-34
166
-50
-135
117
77
-158
-8
169
-62
-149
115
106
-144
-54
143
3
-116
32
73
-44
-21
30
-27
6
58
-58
-69
114
59
-165
-29
204
-14
-226
60
230
-103
-220
137
201
-159
-178
169
160
-174
-147
174
138
-176
-133
179
128
-187
-122
194
110
-201
-95
203
75
-199
-61
187
47
-174
-42
158
41
-147
-48
142
54
-144
-59
152
54
-162
-41
167
17
-167
10
151
-38
-123
57
82
-63
-40
52
-4
-25
33
-14
-49
58
43
-100
-21
125
-15
-134
54
120
-86
-89
103
47
-100
-5
74
-30
-33
46
-20
-43
69
16
-109
24
128
-72
-128
117
106
-152
-71
165
31
-159
4
133
-27
-100
30
60
-17
-30
-13
10
49
-9
-87
22
117
-48
-134
79
137
-109
-129
130
110
-144
-89
145
70
-137
-58
124
53
-112
-55
102
60
-99
-66
99
69
-102
-68
102
63
-101
-58
93
54
-82
-58
66
66
-56
-85
51
106
-58
-130
75
147
-103
-155
136
148
-171
-128
200
94
-220
-54
224
11
-216
28
193
-59
-168
78
137
-89
-113
91
93
-93
-80
96
71
-104
-63
120
51
-140
-31
161
-1
-178
41
186
-87
-182
135
163
-178
-132
210
92
-230
-49
234
9
-228
22
212
-46
-196
58
179
-64
-168
65
160
-67
-158
71
155
-79
-151
89
139
-99
-123
101
101
-98
-81
82
62
-58
-55
28
59
0
-79
-23
106
33
-141
-28
174
6
-200
26
210
-66
-203
104
176
-132
-137
141
92
-134
-51
105
18
-66
-7
18
12
59
-64
-15
45
-27
-13
54
-33
-68
83
63
-134
-43
178
7
-213
38
232
-95
-238
152
223
-208
-191
256
143
-291
-83
305
15
-302
51
276
-111
-229
156
166
-183
-103
177
31
-158
21
112
-61
-60
71
-3
-61
48
24
-82
22
85
-78
-69
119
22
-148
32
146
-97
-121
149
70
-187
-5
195
-68
-181
129
137
-178
-82
198
18
-197
33
169
-73
-131
87
88
-82
-56
54
38
-22
-43
-13
65
34
-106
-38
149
20
-190
15
215
-66
-222
116
205
-164
-174
194
129
-208
-84
200
45
-180
-22
151
13
-126
-22
108
39
-107
-60
119
71
-147
-70
179
51
-211
-15
230
-37
-232
91
211
-144
-173
183
117
-207
-56
207
-6
-188
56
151
-93
-106
111
59
-111
-19
95
-12
-71
27
44
-30
-19
19
1
-3
6
-17
-5
34
-5
-49
20
56
-38
-60
56
55
-74
-49
87
38
-101
-26
110
10
-118
7
119
-27
-118
47
109
-67
-96
82
75
-94
-51
97
20
-93
7
79
-33
-56
52
27
-62
7
64
-41
-56
70
39
-96
-16
115
-10
-126
37
130
-64
-129
88
122
-109
-111
127
98
-143
-82
154
66
-162
-46
163
28
-162
-12
155
-2
-145
11
132
-16
-121
14
111
-8
-108
0
111
7
-121
-7
136
-1
-152
18
165
-46
-168
82
158
-121
-134
155
93
-179
-39
186
-22
-171
80
135
-129
-82
160
15
-167
54
150
-117
-108
165
49
-190
18
187
-84
-157
138
106
-171
-42
178
-24
-156
81
110
-122
-53
136
-14
-127
73
92
-118
-41
139
-18
-138
72
113
-116
-73
138
24
-138
22
117
-59
-81
74
36
-71
3
46
-34
-10
43
-35
-36
74
4
-102
38
109
-87
-95
129
59
-160
-10
169
-46
-157
98
121
-137
-71
156
13
-155
41
130
-86
-92
113
46
-121
-2
110
-33
-88
52
59
-56
-36
44
21
-27
-21
6
32
6
-56
-8
83
-7
-108
33
120
-70
-117
105
97
-136
-63
150
19
-147
23
123
-57
-84
74
35
-71
14
46
-54
-3
78
-51
-80
107
58
-155
-19
188
-34
-201
92
192
-146
-163
188
120
-216
-69
224
15
-215
34
192
-75
-159
104
119
-124
-78
131
35
-132
4
123
-44
-109
80
89
-115
-63
144
27
-169
12
183
-58
-190
105
182
-151
-166
190
136
-223
-102
244
63
-256
-24
255
-11
-248
41
236
-67
-222
86
205
-104
-190
120
170
-137
-150
152
123
-164
-90
169
50
-167
-8
151
-33
-122
69
79
-94
-29
101
-29
-92
80
64
-123
-22
149
-30
-158
81
144
-127
-115
157
73
-172
-29
165
-15
-143
47
105
-66
-60
63
14
-46
26
12
-55
32
67
-84
-64
133
42
-179
-8
212
-39
-233
94
237
-153
-224
207
190
-257
-144
290
82
-306
-16
301
-52
-277
110
228
-157
-7
-24
7
48
-23
-74
48
92
-87
-101
131
93
-182
-67
224
21
-259
36
270
-106
-264
174
231
-237
-177
280
107
-301
-29
296
-46
-265
107
215
-151
-152
166
86
-165
-34
131
-11
-97
27
49
-30
-15
5
-13
22
15
-58
-6
82
-24
-98
55
93
-94
-77
120
44
-138
-9
137
-29
-125
56
100
-77
-73
79
45
-74
-27
58
14
-43
-16
26
23
-22
-37
21
49
-32
-59
47
60
-66
-54
82
40
-97
-22
103
1
-104
20
99
-41
-91
55
77
-71
-64
83
44
-96
-24
103
-2
-107
31
104
-64
-91
94
65
-123
-31
139
-14
-143
60
129
-106
-98
139
53
-158
-1
156
-51
-133
93
92
-120
-44
123
-8
-109
51
74
-79
-31
86
-15
-75
51
46
-74
-11
78
-25
-64
50
39
-62
-9
54
-19
-32
32
0
-32
32
11
-59
22
69
-66
-62
107
35
-140
5
157
-55
-155
102
135
-144
-101
169
57
-179
-14
172
-24
-153
52
127
-67
-102
71
78
-67
-63
58
53
-51
-52
46
54
-47
-57
52
58
-60
-56
70
50
-79
-41
87
30
-93
-18
98
4
-102
10
104
-27
-106
46
104
-69
-99
94
84
-120
-62
140
30
-154
9
156
-52
-144
92
119
-125
-81
145
35
-151
11
139
-52
-113
82
78
-99
-40
100
5
-89
24
70
-42
-49
48
29
-48
-14
41
6
-36
-5
34
5
-38
-5
45
0
-56
13
64
-29
-65
53
57
-76
-38
93
9
-100
24
94
-58
-72
84
39
-100
-1
99
-41
-82
75
51
-99
-14
105
-28
-99
65
76
-93
-45
104
8
-104
23
88
-50
-65
62
34
-64
-5
50
-20
-30
35
-1
-41
33
31
-66
-12
90
-22
-108
62
111
-107
-99
150
71
-188
-27
211
-29
-218
91
203
-153
-165
204
104
-237
-30
243
-52
-221
128
170
-191
-94
223
3
-226
89
192
-170
-129
226
43
-248
48
234
-134
-187
196
116
-230
-35
226
-44
-191
105
130
-138
-57
139
-14
-108
71
55
-105
11
108
-77
-86
130
42
-165
10
176
-64
-166
109
142
-142
-110
157
79
-159
-53
154
37
-150
-28
148
23
-154
-16
165
0
-178
26
185
-64
-182
106
160
-150
-123
181
67
-198
-4
192
-63
-162
119
111
-158
-48
170
-21
-161
80
126
-125
-79
145
26
-145
20
122
-52
-89
64
50
-57
-20
31
2
3
-4
-39
23
65
-59
-79
101
73
-143
-51
176
11
-196
34
195
-81
-179
121
148
-147
-108
158
66
-155
-27
136
-3
-110
19
78
-26
-50
19
26
-8
-14
-8
7
20
-8
-30
12
32
-17
-28
17
19
-13
-11
-3
6
23
-8
-49
22
73
-49
-93
86
100
-132
-94
181
66
-225
-22
258
-37
-271
105
263
-175
-232
236
176
-281
-108
300
28
-297
45
264
-108
-216
150
151
-76
37
68
-75
-49
101
14
-111
23
103
-57
-81
81
46
-93
-5
85
-37
-65
70
30
-95
11
105
-57
-103
101
88
-142
-64
176
32
-202
7
218
-49
-226
91
218
-140
-210
177
180
-215
-150
239
103
-258
-60
256
9
-246
31
217
-68
-186
86
143
-98
-106
92
69
-79
-45
55
27
-34
-24
13
24
0
-34
-8
38
6
-44
-3
40
-4
-34
2
23
-1
-11
-10
1
24
1
-43
2
59
-16
-74
34
79
-58
-77
78
64
-100
-45
111
20
-120
4
116
-30
-110
53
96
-75
-83
90
64
-106
-46
118
24
-129
-2
136
-25
-142
52
141
-82
-136
110
123
-139
-104
160
81
-177
-56
185
31
-189
-9
186
-11
-184
26
179
-40
-176
51
174
-65
-173
79
169
-99
-161
119
146
-140
-123
154
91
-161
-58
157
20
-140
12
111
-38
-75
48
33
-49
6
34
-42
-10
66
-21
-82
54
85
-85
-81
108
69
-129
-56
142
42
-152
-30
158
18
-166
-7
169
-4
-176
17
180
-34
-182
53
179
-72
-170
91
155
-106
-138
116
116
-121
-94
119
74
-115
-58
107
43
-99
-32
88
21
-79
-11
69
1
-57
8
41
-15
-21
17
-1
-12
22
-4
-41
24
50
-53
-48
81
31
-104
-1
117
-36
-114
77
92
-114
-53
138
1
-143
57
127
-112
-90
156
37
-182
28
186
-92
-167
151
129
-195
-77
220
20
-225
37
211
-86
-183
124
145
-148
-101
157
58
-155
-16
141
-20
-118
51
86
-72
-48
84
4
-84
39
70
-83
-43
116
-2
-140
53
142
-109
-125
159
86
-198
-33
212
-31
-204
91
167
-137
-112
160
44
-155
21
118
-73
-61
98
-11
-94
79
56
-132
3
157
-75
-152
144
114
-195
-54
218
-17
-209
79
170
-125
-113
140
50
-125
2
84
-34
-30
34
-25
-6
63
-44
-78
102
60
-156
-15
187
-50
-189
115
158
-172
-103
199
32
-198
37
163
-89
-106
110
39
-101
20
61
-58
-3
64
-61
-38
110
-17
-132
85
120
-152
-75
198
3
-213
77
190
-152
-134
202
51
-218
39
193
-120
-134
175
50
-195
41
175
-124
-122
181
45
-206
36
195
-112
-155
163
94
-187
-29
180
-30
-149
68
103
-84
-54
73
11
-45
13
4
-22
35
9
-71
16
91
-49
-100
81
96
-110
-85
129
71
-142
-56
148
44
-153
-37
159
31
-168
-26
176
16
-189
-3
199
-15
-207
36
207
-59
-203
78
194
-95
-181
105
169
-115
-157
121
147
-127
-141
137
130
-151
-119
163
99
-177
-73
183
37
-184
0
168
-39
-142
68
102
-86
-56
89
7
-74
33
44
-63
-6
75
-38
-69
74
48
-102
-15
110
-24
-104
56
80
-82
-47
92
4
-86
36
64
-71
-31
94
-12
-106
56
102
-102
-89
141
63
-177
-33
201
-8
-219
48
-77
-6
57
20
-54
-37
62
44
-83
-40
104
16
-119
20
115
-62
-94
98
50
-122
5
119
-65
-91
115
41
-145
25
146
-92
-117
147
63
-179
5
181
-75
-156
127
97
-165
-38
164
-33
-144
79
95
-113
-46
113
-7
-97
39
60
-57
-28
47
-2
-27
11
-6
-4
30
-24
-43
61
32
-98
-5
122
-42
-131
90
112
-137
-77
166
24
-173
28
156
-74
-121
100
73
-107
-30
89
-5
-58
18
22
-10
6
-15
-20
48
11
-79
19
94
-63
-89
108
57
-146
-5
160
-61
-148
125
103
-176
-38
197
-42
-187
117
142
-177
-75
205
-7
-200
86
160
-148
-96
180
17
-179
57
146
-117
-90
149
21
-151
41
125
-90
-83
113
31
-113
13
90
-42
-54
48
16
-32
11
-1
-20
42
7
-79
26
103
-74
-105
125
86
-171
-46
201
-8
-211
63
197
-114
-168
149
121
-170
-75
167
30
-153
2
126
-25
-99
33
72
-33
-54
28
40
-26
-32
26
24
-30
-12
36
-8
-41
32
35
-64
-20
93
-11
-115
52
123
-102
-113
151
82
-191
-35
214
-24
-214
84
189
-136
-145
170
85
-180
-23
164
-32
-127
69
76
-83
-22
71
-25
-41
53
-4
-58
46
39
-82
-3
96
-46
-86
91
53
-124
-1
136
-59
-122
118
84
-162
-28
184
-39
-181
102
154
-152
-110
181
55
-187
-6
171
-33
-141
52
105
-52
-74
33
55
-6
-55
-24
69
44
-101
-51
137
39
-172
-10
193
-33
-199
79
184
-121
-151
150
104
-162
-55
152
9
-127
26
88
-46
-45
48
2
-37
30
12
-53
13
62
-40
-64
60
56
-74
-51
81
43
-86
-39
89
37
-95
-37
101
34
-112
-28
120
15
-125
2
122
-21
-111
35
90
-42
-65
38
37
-21
-16
-7
4
43
-8
-81
27
110
-62
-130
105
132
-153
-117
194
83
-225
-40
241
-11
-240
59
222
-102
-194
133
159
-155
-121
163
83
-167
-50
164
18
-158
11
149
-43
-136
72
118
-102
-92
127
56
-144
-15
150
-30
-141
70
116
-103
-81
120
39
-119
-1
100
-27
-66
36
30
-27
5
-3
-23
44
22
-89
2
122
-47
-139
103
128
-158
-92
197
33
-213
34
195
-98
-150
140
81
-156
-6
134
-65
-83
110
7
-124
74
97
-147
-40
191
-43
-199
128
165
-202
-98
243
9
-248
83
208
-162
-135
208
40
-216
56
181
-139
-115
190
29
-207
59
186
-134
-137
180
72
-197
-10
183
-42
-150
67
108
-70
-71
50
49
-19
-49
-13
69
31
-103
-35
139
14
-172
21
186
-67
-181
110
156
-143
-118
158
74
-154
-36
133
8
-106
0
76
5
-58
-21
53
36
-63
-45
82
39
-105
-17
118
-21
-116
61
93
-99
-51
121
-6
-120
64
90
-116
-42
144
-26
-147
91
116
-148
-64
178
-6
-182
-195
-3
187
-56
-163
101
122
-132
-77
145
29
-143
13
128
-46
-108
69
82
-85
-61
92
39
-99
-20
104
-1
-111
22
116
-50
-118
82
112
-117
-98
154
69
-189
-37
206
-14
-222
59
212
-110
-198
146
164
-178
-134
190
98
-196
-75
188
53
-184
-48
176
44
-182
-47
193
42
-215
-31
236
6
-258
30
265
-77
-263
125
236
-169
-195
198
139
-207
-80
192
26
-159
14
107
-33
-51
25
-3
3
41
-50
-60
101
53
-152
-25
187
-22
-203
73
195
-124
-167
161
120
-179
-70
176
18
-155
21
118
-46
-75
53
30
-46
5
26
-31
-1
43
-25
-47
45
42
-60
-38
66
35
-71
-38
77
43
-87
-51
102
56
-127
-56
154
43
-184
-19
210
-16
-226
60
228
-108
-216
153
187
-193
-149
219
102
-231
-53
229
5
-215
33
192
-66
-167
86
136
-101
-109
107
82
-111
-60
110
37
-107
-19
101
-1
-92
17
79
-32
-63
41
43
-44
-22
38
1
-25
14
3
-22
22
18
-47
-5
69
-19
-84
49
87
-81
-79
113
59
-137
-31
150
-2
-154
35
142
-63
-123
82
95
-90
-67
85
40
-69
-21
46
13
-18
-17
-10
33
31
-59
-43
90
44
-123
-32
152
8
-176
23
187
-61
-187
97
174
-128
-152
152
123
-163
-92
164
64
-155
-42
140
29
-124
-27
109
31
-102
-41
104
49
-116
-52
135
46
-157
-27
176
-3
-188
43
186
-86
-169
128
135
-159
-89
176
37
-174
15
155
-56
-121
83
78
-93
-37
83
1
-60
17
27
-20
6
2
-29
27
36
-65
-26
99
-3
-125
43
131
-92
-120
136
87
-169
-44
182
-8
-175
54
147
-90
-106
104
58
-99
-15
72
-18
-32
30
-14
-22
55
-5
-85
46
96
-93
-87
133
58
-162
-18
171
-27
-162
66
133
-94
-92
102
46
-91
-5
58
-24
-16
34
-35
-25
81
-4
-118
48
138
-99
-139
150
121
-196
-90
227
48
-245
-3
248
-40
-238
76
219
-105
-196
122
171
-134
-150
139
132
-144
-118
148
104
-156
-92
165
75
-175
-54
183
28
-188
3
184
-36
-174
67
156
-97
-131
119
100
-132
-66
137
33
-135
-6
125
-18
-113
33
98
-46
-87
51
75
-55
-70
56
66
-61
-66
66
64
-76
-64
84
59
-96
-54
106
43
-118
-34
124
19
-132
-8
133
-8
-136
22
135
-38
-132
55
126
-72
-116
87
101
-102
-83
111
59
-115
-33
111
5
-98
18
75
-35
-45
41
13
-34
19
13
-42
17
53
-56
-50
94
26
-126
10
144
-59
-145
109
124
-156
-86
189
30
-205
31
198
-93
-170
144
123
-181
-65
194
2
-188
55
162
-102
-123
131
75
-146
-30
142
-14
-129
45
107
-70
-83
84
60
-93
-40
98
19
-105
0
110
-23
-117
49
117
-83
-113
117
97
-155
-89
111
51
-106
-18
82
-11
-45
20
-1
-10
43
-25
-74
73
80
-133
-62
185
15
-224
49
234
-123
-216
194
166
-246
-95
271
11
-262
69
223
-133
-158
167
78
-175
-8
141
-55
-95
84
27
-92
31
61
-83
-16
102
-46
-101
99
67
-147
-19
167
-44
-167
101
139
-153
-97
181
43
-193
8
183
-55
-161
84
128
-103
-99
104
71
-99
-56
87
46
-78
-49
70
52
-72
-58
77
59
-88
-57
95
48
-103
-36
102
22
-97
-11
84
5
-69
-9
52
18
-40
-38
33
59
-39
-83
50
102
-73
-117
99
122
-131
-117
159
101
-186
-79
203
49
-213
-19
211
-10
-202
32
186
-49
-168
58
150
-59
-138
57
129
-55
-127
55
130
-61
-135
75
135
-95
-130
121
113
-149
-85
171
43
-183
7
181
-62
-161
114
121
-155
-69
181
5
-188
57
171
-116
-140
159
92
-186
-41
192
-10
-181
51
153
-79
-119
88
82
-84
-54
66
32
-42
-24
15
25
9
-35
-29
51
44
-69
-53
87
59
-107
-63
127
64
-151
-63
176
57
-204
-43
233
18
-259
17
275
-61
-280
110
268
-157
-240
197
196
-221
-145
226
92
-213
-45
182
12
-141
1
99
3
-63
-24
41
49
-36
-75
46
91
-69
-91
92
74
-109
-42
111
5
-94
30
56
-53
-5
55
-51
-33
102
-12
-135
72
143
-136
-125
193
81
-231
-21
242
-43
-224
98
182
-134
-124
143
63
-125
-9
83
-23
-27
31
-31
-14
81
-23
-113
72
123
-124
-112
166
83
-194
-48
204
13
-200
13
185
-30
-169
33
155
-30
-153
23
159
-22
-175
30
191
-53
-205
84
205
-125
-191
162
159
-193
-116
206
64
-203
-15
180
-26
-146
49
103
-57
-64
46
32
-25
-17
-4
16
26
-33
-42
57
40
-86
-25
109
-5
-122
42
120
-84
-104
120
73
-149
-36
164
-7
-168
47
159
-84
-143
113
122
-135
-101
149
77
-160
-57
164
39
-168
-23
170
7
-173
5
173
-19
-174
30
173
-43
-175
53
175
-64
-178
77
181
-92
-184
111
185
-133
-182
158
173
-187
-155
211
131
-231
-101
243
65
-246
-31
239
0
-225
25
206
-42
-186
49
166
-51
-155
50
147
-50
-147
52
147
-62
-149
76
146
-96
-137
115
120
-133
-97
145
66
-149
-36
143
7
-131
16
113
-34
-95
45
75
-53
-59
58
44
-66
-30
72
12
-81
9
86
-37
-89
70
81
-106
-62
138
30
-165
10
178
-59
-177
106
160
-148
-129
176
89
-191
-50
190
12
-178
14
157
-30
-136
32
119
-27
-112
19
113
-17
-122
22
131
-36
-137
57
132
-83
-116
102
88
-112
-52
105
17
-83
10
44
-21
0
9
-44
24
73
-74
-81
132
61
-186
-16
223
-50
-235
122
215
-195
-167
245
94
-272
-12
261
-70
-224
132
157
124
-57
-84
43
51
-16
-41
-17
48
42
-76
-55
109
48
-145
-26
169
-13
-180
52
171
-90
-149
111
118
-122
-89
117
69
-102
-62
86
69
-79
-88
86
108
-109
-122
148
118
-197
-100
235
51
-270
6
274
-76
-263
134
217
-183
-164
202
97
-201
-44
171
2
-133
12
87
-7
-56
-21
39
53
-48
-85
74
98
-116
-96
156
66
-190
-22
200
-33
-193
81
158
-119
-112
132
59
-124
-16
93
-12
-54
17
13
-2
15
-32
-26
68
11
-101
19
118
-63
-114
105
87
-138
-45
152
-7
-146
52
116
-88
-77
102
30
-99
7
78
-33
-50
41
22
-36
-4
19
-1
-5
-11
-4
29
-2
-51
22
64
-56
-64
94
44
-129
-9
149
-39
-152
88
130
-131
-94
155
46
-158
-2
140
-35
-106
49
66
-44
-31
17
9
20
-9
-62
30
93
-68
-109
115
101
-163
-76
198
34
-217
12
216
-55
-199
88
172
-106
-145
107
121
-100
-111
90
112
-84
-123
87
136
-105
-146
131
144
-164
-129
194
100
-216
-61
221
19
-213
16
189
-40
-161
47
133
-42
-117
27
111
-13
-124
6
145
-15
-171
41
188
-84
-189
135
167
-185
-122
221
56
-233
15
216
-85
-173
138
104
-164
-26
156
-49
-119
108
56
-138
18
136
-92
-104
150
46
-183
25
187
-96
-163
157
114
-197
-53
213
-14
-207
74
180
-123
-137
153
88
-169
-38
169
-8
-156
48
134
-80
-105
104
70
-120
-32
125
-8
-118
48
99
-84
-67
110
25
-122
24
115
-73
-90
112
45
-137
8
137
-65
-116
112
71
-144
-14
150
-47
-130
98
85
-133
-28
138
-36
-118
86
73
-120
-16
121
-46
-97
90
50
-116
7
110
-65
-81
105
27
-121
34
106
-91
-65
128
3
-138
63
116
-123
-68
161
1
-171
69
148
-132
-99
170
33
-180
34
158
-92
-113
124
51
-131
10
105
-60
-58
84
-4
-83
64
48
-113
7
136
-79
-130
149
94
-207
-34
242
-43
-252
122
228
-194
-182
248
116
-279
-43
282
-28
-263
86
226
-128
-181
149
135
-153
-96
142
68
-126
-56
108
56
-99
-66
102
77
-118
-84
144
79
-180
-61
214
24
-239
27
251
-88
-243
150
211
-205
-162
244
95
-262
-26
254
-41
-224
94
176
-128
-120
136
64
-123
-20
92
-7
-53
12
14
1
15
-33
-28
67
20
-102
4
126
-42
-135
84
124
-124
-102
153
64
-169
-27
171
-9
-163
34
147
-52
-133
61
123
-67
-121
75
123
-91
-129
115
129
-151
-118
188
90
-227
-47
252
-12
-262
76
246
-140
-211
188
155
-219
-92
223
29
-206
18
169
-50
-125
56
83
-44
-52
15
40
16
-49
-43
75
54
-110
-49
144
25
-170
12
179
-53
-172
89
148
-112
-119
122
88
-118
-70
101
61
-87
-70
78
87
-87
-109
108
121
-149
-110
34
78
-84
-30
108
-34
-107
92
77
-139
-27
161
-34
-157
93
124
-139
-73
159
9
-154
52
122
-100
-69
122
6
-121
56
92
-104
-44
130
-15
-130
70
102
-117
-62
135
6
-134
41
102
-83
-60
94
1
-88
51
48
-94
4
111
-74
-106
137
68
-195
-13
228
-62
-239
136
216
-208
-173
259
106
-291
-33
289
-42
-265
102
215
-145
-155
161
88
-155
-30
124
-18
-80
42
26
-48
22
32
-63
-5
88
-30
-98
62
92
-89
-78
101
59
-105
-47
97
39
-87
-46
76
59
-76
-81
85
100
-109
-114
141
113
-180
-99
213
68
-239
-27
247
-21
-238
65
212
-99
-176
116
131
-116
-92
100
62
-74
-50
46
53
-24
-68
13
89
-20
-109
42
118
-75
-113
110
85
-140
-43
155
-11
-152
66
129
-118
-86
154
30
-172
30
168
-89
-148
134
113
-168
-76
183
34
-189
-1
184
-26
-179
46
170
-64
-165
81
159
-102
-153
124
140
-153
-117
178
82
-198
-35
203
-19
-192
74
161
-123
-112
157
48
-171
21
162
-88
-131
142
83
-180
-24
196
-36
-192
90
169
-130
-137
156
100
-165
-65
161
38
-147
-21
131
13
-116
-15
102
22
-94
-31
91
41
-94
-51
101
58
-111
-65
121
68
-137
-69
154
66
-174
-55
194
37
-214
-11
227
-24
-231
64
222
-105
-200
142
163
-169
-117
181
65
-175
-14
153
-28
-118
56
74
-67
-29
60
-9
-40
36
11
-47
21
45
-49
-28
67
4
-74
23
67
-52
-53
72
26
-87
2
92
-36
-91
67
80
-100
-64
128
40
-158
-9
180
-31
-198
76
203
-130
-198
184
173
-237
-133
279
77
-306
-11
310
-59
-296
121
256
-171
-203
200
140
-208
-81
192
29
-161
4
121
-18
-84
16
52
-1
-37
-18
35
33
-46
-37
60
27
-74
-6
76
-25
-65
52
38
-72
-2
75
-41
-63
77
32
-103
6
107
-48
-96
80
68
-99
-32
97
-2
-78
22
47
-26
-14
11
-12
21
21
-59
-10
94
-23
-114
68
112
-118
-87
156
36
-174
24
164
-85
-125
129
63
-150
10
137
-81
-92
134
23
-158
56
147
-132
-103
188
34
-215
45
205
-120
-164
174
99
-200
-27
191
-42
-155
89
97
-112
-35
103
-24
-72
61
23
-77
29
67
-74
-38
99
-3
-106
44
91
-76
-62
91
25
-89
7
68
-31
-37
39
3
-31
28
8
-50
23
58
-58
-53
89
37
-116
-13
132
-15
-143
45
146
-74
-143
102
135
-132
-121
160
100
-189
-73
212
33
-230
12
232
-66
-220
118
189
-164
-141
192
80
-203
-15
188
-45
-149
91
92
-115
-27
109
-35
-79
83
29
-109
33
106
-93
-78
138
26
-162
33
156
-94
-125
138
72
-160
-10
153
-53
-123
99
68
-123
-7
120
-57
-93
103
43
-131
14
129
45
37
-62
-37
76
25
-88
-8
91
-15
-87
35
73
-54
-52
64
25
-67
3
59
-30
-45
48
24
-60
-2
60
-18
-56
33
45
-39
-35
37
27
-29
-26
14
30
-9
-52
0
68
-8
-97
19
115
-49
-132
77
131
-115
-124
144
98
-169
-70
178
33
-176
-5
155
-20
-132
28
100
-21
-78
1
62
25
-66
-58
81
79
-117
-91
157
80
-202
-52
236
3
-257
57
253
-123
-228
180
177
-222
-112
241
36
-236
35
203
-96
-153
135
87
-153
-21
143
-41
-117
84
71
-112
-25
116
-24
-106
59
80
-85
-50
92
18
-90
4
77
-20
-63
25
50
-24
-45
19
46
-16
-55
19
68
-32
-80
54
87
-85
-84
120
68
-154
-41
182
1
-201
45
206
-95
-198
141
175
-181
-144
210
104
-226
-64
232
25
-227
8
214
-35
-196
52
175
-64
-157
67
138
-67
-126
60
115
-55
-110
49
107
-43
-109
39
111
-39
-117
41
119
-47
-121
55
119
-65
-114
72
102
-79
-88
80
69
-74
-53
60
39
-40
-33
17
34
7
-47
-28
67
40
-95
-43
122
32
-148
-9
165
-20
-170
52
160
-84
-137
105
103
-113
-65
106
29
-84
-2
50
-12
-10
9
-29
9
60
-41
-79
77
81
-115
-67
147
41
-168
-9
175
-24
-169
53
152
-73
-130
83
107
-84
-90
79
79
-73
-78
71
78
-74
-82
87
81
-107
-69
128
47
-147
-14
157
-31
-154
78
132
-121
-93
154
42
-170
16
166
-73
-140
120
97
-153
-46
162
-11
-153
59
121
-94
-80
111
31
-108
14
86
-50
-51
69
7
-72
35
56
-73
-28
97
-11
-108
52
102
-92
-83
121
52
-143
-17
150
-21
-146
54
130
-85
-107
105
79
-117
-52
118
22
-116
1
105
-21
-93
33
79
-42
-68
47
57
-50
-53
52
50
-59
-51
67
49
-84
-46
101
33
-123
-14
140
-18
-154
55
154
-101
-140
144
107
-182
-59
205
0
-209
66
187
-128
-143
177
77
-204
-1
203
-80
-175
150
118
-202
-43
225
-41
-220
121
182
-188
-122
228
48
-240
27
221
-90
-179
134
122
-152
-61
143
7
-113
28
69
-42
-21
34
-19
-8
43
-29
-48
64
32
-92
-4
102
-33
-93
63
65
-84
-25
82
-21
-64
57
22
-81
30
82
-88
-61
137
17
-173
41
184
-106
-172
164
134
-210
-82
232
17
-230
43
202
-93
-158
124
99
-132
-41
116
-12
-80
49
31
-67
22
63
-75
-41
115
3
-142
41
150
-87
-141
127
116
-158
-83
173
44
-176
-9
163
-23
-141
41
113
-52
-85
49
57
-39
-38
20
27
-1
-26
-20
32
32
-46
-38
61
36
-77
-26
87
7
-92
14
86
-36
-74
53
51
-65
-26
66
-4
-60
29
44
-49
-25
59
1
-61
17
55
-34
-46
38
34
-38
-28
28
124
-128
-100
176
56
-209
-3
219
-54
-209
105
177
-143
-132
161
76
-160
-23
134
-24
-92
52
37
-60
22
46
-78
-12
117
-38
-141
95
142
-151
-124
197
88
-231
-51
240
2
-242
31
223
-63
-205
73
178
-81
-166
74
154
-73
-156
70
158
-80
-167
94
164
-120
-157
143
133
-167
-101
178
57
-178
-14
158
-27
-127
53
83
-66
-40
58
-1
-41
28
9
-42
22
38
-48
-24
62
-1
-64
21
48
-38
-25
39
-5
-29
27
2
-41
32
40
-69
-24
97
-10
-116
49
115
-94
-97
129
62
-155
-16
160
-36
-149
84
116
-123
-72
146
15
-152
42
137
-95
-108
138
63
-168
-12
180
-44
-178
95
157
-142
-125
178
80
-199
-32
204
-19
-194
65
168
-104
-131
129
86
-142
-37
139
-10
-123
50
94
-82
-60
102
20
-111
19
109
-55
-101
84
88
-111
-74
130
56
-149
-41
166
23
-184
-3
198
-23
-212
52
220
-88
-221
125
210
-163
-191
193
161
-217
-125
230
88
-231
-53
220
23
-205
-5
184
-8
-168
10
156
-11
-151
11
151
-15
-154
26
156
-42
-154
63
145
-83
-128
99
107
-110
-82
110
60
-105
-42
95
32
-87
-30
84
30
-89
-32
102
25
-120
-7
138
-24
-150
66
146
-114
-126
157
84
-188
-29
199
-34
-185
92
146
-135
-89
154
23
-143
38
106
-82
-47
99
-22
-86
83
44
-125
19
140
-87
-123
148
79
-189
-17
199
-49
-180
104
134
-138
-73
140
13
-113
32
64
-56
-5
46
-54
-11
92
-44
-107
106
89
-163
-48
198
-12
-208
73
187
-128
-146
159
89
-169
-32
148
-16
-111
42
61
-47
-14
28
-23
5
41
-47
-42
85
23
-116
6
129
-42
-130
72
117
-98
-99
113
78
-123
-61
126
43
-131
-30
134
14
-143
6
148
-33
-150
66
141
-104
-120
137
82
-163
-33
170
-24
-159
75
124
-116
-75
135
17
-132
37
103
-80
-59
99
5
-93
42
64
-76
-19
85
-30
-70
72
33
-95
17
94
-69
-66
109
16
-128
42
121
-99
-88
143
35
-166
27
162
-86
-135
131
90
-155
-40
157
-6
-138
38
110
-53
-78
47
52
-29
-45
3
49
18
-74
-30
105
22
-138
0
160
-37
-170
77
160
-116
-135
142
97
-154
-58
145
22
-124
1
92
-11
-60
2
32
16
-16
-41
12
64
-21
-81
34
87
-52
-83
62
72
-64
-60
56
51
-38
-53
17
65
2
-92
-10
125
4
-164
17
196
-56
-215
105
215
-159
-197
207
157
-244
-102
260
38
-257
24
227
-80
-180
118
117
-137
-50
131
-17
-104
72
56
-113
3
130
-68
-125
127
99
-177
-57
208
2
-220
53
208
-106
-178
142
131
-162
-77
159
22
-135
23
91
-53
-38
59
-23
-47
77
11
-118
37
140
-96
-143
150
123
-198
-53
-2
77
6
-111
7
137
-41
-152
86
146
-135
-122
174
78
-203
-23
209
-36
-198
88
166
-132
-122
159
71
-171
-22
166
-23
-151
62
129
-92
-101
114
70
-132
-43
137
5
-146
24
138
-62
-129
91
103
-122
-76
138
35
-147
4
136
-47
-116
75
79
-98
-38
98
-7
-87
44
57
-73
-21
86
-22
-85
58
70
-91
-51
109
23
-122
0
123
-21
-122
34
119
-46
-119
52
119
-62
-124
73
125
-89
-127
106
121
-124
-111
137
96
-147
-80
148
62
-146
-53
137
46
-132
-49
128
52
-135
-56
145
53
-162
-41
176
16
-185
14
179
-53
-159
83
120
-102
-70
101
16
-77
30
31
-59
27
62
-91
-39
145
-11
-179
74
181
-142
-155
197
100
-229
-32
228
-40
-195
93
133
-122
-60
114
-11
-74
64
8
-84
66
68
-135
-19
179
-55
-188
134
156
-202
-92
239
5
-240
85
196
-162
-119
204
18
-206
82
163
-167
-86
217
-15
-226
114
190
-198
-120
247
29
-254
62
221
-135
-155
176
71
-178
11
142
-77
-78
113
-2
-114
80
79
-141
-19
173
-53
-174
122
143
-176
-88
204
24
-202
39
170
-88
-119
112
56
-111
6
83
-56
-36
88
-25
-98
87
83
-144
-49
186
0
-210
56
215
-111
-201
160
171
-196
-129
218
82
-223
-34
212
-9
-188
43
153
-64
-112
71
69
-63
-30
43
0
-12
18
-21
-23
56
14
-84
5
104
-29
-111
56
105
-78
-89
91
67
-93
-43
83
23
-62
-15
34
15
-9
-30
-14
52
27
-84
-30
114
19
-142
2
160
-29
-170
58
167
-86
-157
108
139
-122
-122
129
103
-130
-91
129
81
-130
-77
133
72
-143
-67
154
55
-170
-35
184
5
-194
30
193
-73
-181
115
154
-154
-114
181
64
-197
-8
192
-50
-173
97
135
-135
-87
154
32
-154
19
134
-65
-99
93
51
-104
1
92
-49
-61
84
14
-102
39
97
-93
-74
137
33
-167
18
176
-73
-165
120
137
-156
-97
172
55
-172
-16
154
-11
-127
22
96
-20
-72
2
57
22
-58
-48
69
66
-93
-74
120
67
-145
-50
163
25
-168
1
161
-22
-147
34
126
-36
-111
27
101
-14
-103
1
113
3
-133
3
150
-24
-163
54
161
-89
-145
120
110
-142
-67
143
16
-127
26
90
-56
-42
63
-9
-52
54
19
-83
22
91
-67
-79
100
51
-119
-15
116
-17
-97
35
65
-36
-34
15
10
20
-7
-64
25
102
-69
-125
127
123
-191
-91
247
34
-284
42
290
-125
-268
197
214
-253
-142
277
62
-273
10
240
-66
-192
95
135
-100
-87
82
54
-53
-43
20
52
1
-78
-7
110
-8
-138
40
151
-87
-147
134
121
-176
-79
202
22
-210
35
197
-89
-167
131
121
-160
-72
170
21
-167
22
150
-63
-130
91
100
-115
63
5
-71
-21
87
25
-113
-16
134
-10
-150
47
148
-89
-130
128
92
-156
-44
162
-13
-149
64
115
-104
-64
122
5
-118
51
89
-97
-44
124
-13
-126
70
105
-125
-72
155
15
-174
36
166
-92
-146
128
108
-160
-70
168
24
-169
10
152
-40
-137
55
114
-67
-98
68
83
-72
-76
71
69
-77
-68
83
59
-96
-52
106
34
-118
-14
121
-13
-122
39
111
-68
-93
88
65
-105
-36
110
1
-108
28
91
-55
-71
71
44
-79
-19
76
-7
-66
23
48
-33
-29
31
10
-22
2
7
-9
11
6
-30
4
43
-23
-52
42
51
-65
-44
82
28
-96
-9
100
-12
-98
29
89
-43
-74
49
58
-50
-45
43
33
-32
-28
18
29
-5
-35
-8
47
15
-62
-18
79
14
-100
-5
116
-12
-131
32
140
-58
-142
88
137
-118
-122
146
97
-171
-66
184
26
-191
16
181
-58
-162
93
130
-118
-93
131
51
-132
-14
117
-17
-97
35
71
-42
-49
36
32
-24
-27
8
35
1
-54
-2
79
-11
-103
37
120
-76
-126
120
112
-167
-82
204
36
-227
18
232
-77
-216
130
182
-171
-134
194
81
-199
-27
184
-20
-156
52
116
-71
-74
74
35
-63
-3
43
-21
-16
32
-12
-34
38
24
-61
-9
75
-12
-81
35
78
-60
-68
79
48
-95
-20
101
-13
-97
47
79
-78
-50
102
8
-114
38
109
-86
-88
127
51
-155
-4
166
-48
-159
95
133
-129
-95
146
52
-144
-12
122
-15
-90
23
55
-15
-25
-13
8
49
-12
-88
34
115
-74
-128
121
116
-168
-83
200
33
-215
24
202
-79
-170
118
118
-137
-60
129
5
-101
33
56
-52
-6
45
-39
-20
67
-21
-75
60
59
-94
-29
108
-13
-104
52
77
-79
-37
88
-12
-76
52
43
-81
1
90
-51
-77
92
44
-121
-2
129
-46
-118
84
89
-110
-53
119
12
-111
20
91
-43
-65
51
39
-49
-21
40
10
-30
-9
24
12
-28
-18
39
17
-57
-8
75
-15
-91
47
94
-86
-82
124
54
-156
-15
173
-36
-173
88
152
-133
-116
166
66
-183
-12
179
-43
-157
88
119
-123
-71
140
18
-143
35
128
-82
-102
119
64
-147
-22
160
-24
-163
69
152
-110
-131
141
100
-166
-65
175
26
-173
9
157
-38
-133
54
99
-58
-68
45
39
-22
-25
-12
21
47
-35
-79
61
99
-101
-108
141
97
-180
-75
210
40
-227
-3
230
-33
-221
63
202
-82
-182
90
163
-92
-151
89
147
-87
-150
90
154
-104
-160
123
156
-149
-146
173
121
-195
-88
204
49
-201
-12
185
-19
-157
37
125
-42
-95
33
73
-15
-64
-6
70
20
-88
-26
112
15
-135
9
149
-48
-149
88
129
-129
-93
155
43
-163
12
148
-65
-116
103
63
-123
-6
117
-52
-90
96
43
-125
12
125
48
-2
-19
19
-18
-19
45
1
-60
27
54
-55
-30
71
-9
-71
55
48
-98
-6
125
-55
-132
118
112
-176
-71
218
11
-237
52
230
-110
-197
152
149
-171
-98
161
43
-137
-15
88
-2
-42
-13
-6
39
31
-86
-44
129
30
-171
-5
193
-36
-201
72
186
-105
-161
119
125
-118
-94
99
68
-70
-60
32
64
-1
-88
-25
117
34
-155
-32
186
12
-213
14
224
-48
-224
76
208
-101
-187
112
159
-114
-133
102
110
-86
-97
62
93
-40
-100
18
111
-6
-131
-1
152
-5
-171
17
185
-39
-194
64
191
-92
-178
118
151
-140
-118
149
73
-148
-29
130
-14
-99
49
53
-72
-1
77
-56
-68
109
37
-152
5
177
-56
-186
106
174
-150
-149
180
114
-195
-75
193
42
-176
-20
152
10
-126
-15
105
30
-95
-50
97
68
-112
-80
135
77
-162
-62
184
32
-197
4
195
-48
-178
85
147
-114
-106
128
60
-130
-16
118
-23
-97
52
72
-73
-48
83
24
-91
-7
97
-8
-107
21
118
-40
-131
64
142
-98
-147
137
140
-181
-118
222
78
-253
-25
266
-38
-257
101
224
-155
-170
190
101
-201
-27
184
-42
-142
95
79
-123
-9
122
-61
-95
116
45
-148
15
153
-76
-129
122
85
-150
-28
151
-30
-123
77
75
-103
-14
104
-48
-78
101
31
-133
30
141
-93
-123
146
82
-180
-28
189
-29
-174
75
138
-106
-86
113
34
-95
12
57
-41
-7
47
-47
-31
92
-3
-123
50
133
-98
-121
140
90
-166
-53
173
10
-160
21
130
-41
-93
37
53
-18
-26
-18
10
62
-19
-107
45
141
-90
-159
142
156
-198
-132
245
88
-279
-32
291
-31
-286
89
259
-143
-218
180
166
-205
-111
209
54
-203
-5
182
-38
-156
69
123
-93
-90
106
56
-112
-26
110
-1
-107
22
98
-39
-90
51
83
-58
-78
63
76
-68
-81
75
86
-87
-97
107
103
-135
-103
169
91
-207
-68
243
27
-270
26
282
-90
-276
155
246
-215
-194
260
125
-283
-48
279
-30
-250
95
196
-143
-131
162
58
-156
7
124
-55
-75
81
18
-81
35
58
-76
-17
98
-34
-97
82
74
-122
-34
147
-14
-151
62
137
-106
-110
133
72
-148
-35
146
1
-135
23
115
-38
-96
39
77
-35
-65
24
59
-15
-62
5
67
1
-75
-4
84
0
-93
3
98
-10
-102
16
101
-23
-101
27
96
-32
-92
32
85
-31
-78
23
70
-14
-67
-3
67
22
-77
-41
95
57
-123
-66
158
61
-197
-45
233
9
-260
36
271
-92
-264
146
235
-196
-188
226
128
-237
-64
223
5
-190
38
141
-64
-87
66
36
-49
1
18
-20
17
18
-46
-2
59
-28
-55
54
29
-72
8
70
-56
-49
97
5
-126
54
131
-119
-113
175
70
-219
-12
236
-53
-231
109
196
-153
-150
];
